  Time Pressure
 (hr) (psia)
  0 4800
  0.001         4795.745017694412
  0.002 4791.502052329925
  0.003 4787.270635342611
  0.004 4783.049011568257
  0.005 4778.83804444334
  0.006 4774.638210389917
  0.007000000000000001 4770.44820838221
  0.008 4766.265732379822
  0.009000000000000001 4762.096187252972
  0.01009816608871767 4757.524619730306
  0.0113303287061475 4752.412732482209
  0.01271283790160479 4746.689486546929
  0.01426403873215002 4740.29356078797
  0.0160045146903503 4733.137868047744
  0.01795736083471991 4725.146937599506
  0.02014849024711505 4716.21471799866
  0.02260697788358621 4706.248846106597
  0.02536544638138007 4695.121265446183
  0.02846049894151539 4682.719743365949
  0.03193320503102176 4668.891318925948
  0.03582964534981471 4653.500849767729
  0.04020152329358663 4636.368168562071
  0.04510685102645445 4617.332435562467
  0.05061071926713134 4596.185301210623
  0.0567861610032173 4572.738222740813
  0.06371512059457231 4546.75611840171
  0.07148954112518521 4518.022350995154
  0.08021258443203695 4486.280558542211
  0.08999999999999983 4451.288471471287
  0.1009816608871765 4412.780037403245
  0.1133032870614748 4370.494423869121
  0.1271283790160476 4324.176307691652
  0.1426403873214999 4273.560316582115
  0.1600451469035027 4218.434112455224
  0.1795736083471987 4158.551661904675
  0.2014849024711501 4093.790238395503
  0.2260697788358616 4023.959986775053
  0.2536544638138002 3949.089009597558
  0.2846049894151534 3869.095646831519
  0.3193320503102171 3784.229149510912
  0.3582964534981465 3694.582097954158
  0.4020152329358657 3600.688531289267
  0.4510685102645438 3502.88655594115
  0.5061071926713127 3402.02293245595
  0.5678616100321722 3298.736548403735
  0.6371512059457221 3194.141648185198
  0.714895411251851 3089.182627811159
  0.8021258443203683 2985.095554792676
  0.899999999999997 2883.04763238026
  1.009816608871764 2784.162654885728
  1.133032870614746 2689.646701177909
  1.271283790160474 2600.258330662359
  1.426403873214997 2516.9943962874
  1.600451469035024 2440.08302369007
  1.795736083471984 2370.089440094563
  2.014849024711497 2306.71547311062
  2.260697788358613 2249.997937513067
  2.536544638137998 2199.282023914952
  2.846049894151529 2154.149270396562
  3.193320503102165 2113.832468854055
  3.582964534981459 2077.656229138594
  4.02015232935865 2044.945330318793
  4.51068510264543 2014.989284912285
  5.061071926713119 1987.303979602164
  5.678616100321713 1961.299400748662
  6.371512059457211 1936.682456946454
  7.1489541125185 1913.041664332659
  8.021258443203671 1890.222741007688
  8.999999999999956 1867.976180994752
  10.09816608871762 1846.227780569961
  11.33032870614745 1824.841467847356
  12.71283790160472 1803.780893058293
  14.26403873214995 1782.975686867985
  16.00451469035022 1762.404508645298
  17.95736083471982 1742.029634114944
  20.14849024711495 1721.835168715756
  22.60697788358609 1701.797904752641
  25.36544638137994 1681.904438992658
  28.46049894151525 1662.137930485363
  31.9332050310216 1642.486916567342
  35.82964534981453 1622.937894316393
  40.20152329358643 1603.481307253442
  45.10685102645422 1584.106027570833
  50.6107192671311 1564.804306841424
  56.78616100321703 1545.567044632645
  63.71512059457199 1526.388079552237
  71.48954112518486 1507.260087068774
  80.21258443203655 1488.178218337486
  89.99999999999938 1469.136655696163
  99.99999999999938 1451.742913125667
  109.9999999999994 1436.031584597489
  119.9999999999994 1421.706177012556
  129.9999999999994 1408.541745239955
  139.9999999999994 1396.36407594776
  144.9999999999997 1390.601186413141
  150 1385.035685635611
  150.001 1389.289573689799
  150.002 1393.531444810252
  150.003 1397.761767560901
  150.004 1401.982297106057
  150.005 1406.192170009046
  150.006 1410.390909847908
  150.007 1414.579817648422
  150.008 1418.761199451081
  150.009 1422.929650385472
  150.0100981660888 1427.500016311595
  150.0113303287062 1432.610555356822
  150.0127128379017 1438.332288596824
  150.0142640387322 1444.726517100555
  150.0160045146904 1451.880305510187
  150.0179573608348 1459.869099291044
  150.0201484902472 1468.798921544961
  150.0226069778837 1478.762103611771
  150.0253654463815 1489.886666291453
  150.0284604989417 1502.284802208409
  150.0319332050312 1516.109427394701
  150.03582964535 1531.495633825913
  150.0402015232938 1548.623532306243
  150.0451068510267 1567.653899167448
  150.0506107192674 1588.79501282392
  150.0567861610035 1612.235336227827
  150.0637151205949 1638.20986159263
  150.0714895411255 1666.935125670903
  150.0802125844324 1698.667377762377
  150.0900000000004 1733.648761038312
  150.1009816608877 1772.14518609013
  150.113303287062 1814.417326342842
  150.1271283790167 1860.720326579528
  150.1426403873222 1911.319358998356
  150.1600451469043 1966.426537267868
  150.1795736083481 2026.287643106809
  150.2014849024722 2091.025120792758
  150.226069778837 2160.82850895743
  150.2536544638151 2235.669350127536
  150.2846049894166 2315.628906388724
  150.3193320503118 2400.457480557576
  150.3582964534999 2490.061992171153
  150.4020152329378 2583.907841487919
  150.4510685102667 2681.656293765786
  150.5061071926738 2782.459884357063
  150.5678616100349 2885.678936785354
  150.6371512059488 2990.198322875924
  150.7148954112553 3095.072656757839
  150.8021258443243 3199.06476247829
  150.9000000000044 3301.006195857084
  151.0098166088767 3399.771773704852
  151.1330328706203 3494.153863160035
  151.2712837901667 3583.392166671002
  151.4264038732219 3666.487887908615
  151.6004514690428 3743.210729315489
  151.7957360834807 3812.993037494711
  152.0148490247213 3876.130276102966
  152.2606977883696 3932.58260798292
  152.5365446381504 3983.00147244577
  152.8460498941654 4027.801576482227
  153.1933205031177 4067.745948004196
  153.5829645349989 4103.505327951667
  154.0201523293783 4135.749771891702
  154.5106851026674 4165.184035297452
  155.0610719267378 4192.285879122481
  155.6786161003494 4217.638287616054
  156.3715120594883 4241.526586542762
  157.1489541125533 4264.353696709777
  158.0212584432427 4286.264477284619
  159.0000000000438 4307.498073865613
  160.0981660887668 4328.117372078611
  161.3303287062026 4348.246080687862
  162.7128379016667 4367.907090165601
  164.2640387322194 4387.15617516943
  166.0045146904282 4405.998914212288
  167.9573608348073 4424.45608507158
  170.1484902472131 4442.525453692379
  172.6069778836962 4460.210942920792
  175.3654463815035 4477.505569046152
  178.4604989416539 4494.404771001063
  181.9332050311771 4510.897718610318
  185.8296453499891 4526.974896344461
  190.2015232937823 4542.622325453636
  195.106851026674 4557.827335365439
  200.6107192673777 4572.57389272808
  206.7861610034937 4586.847668108228
  213.7151205948824 4600.632238858688
  221.4895411255331 4613.913442626339
  230.2125844324273 4626.676204620184
  240.0000000004377 4638.908395513901
  250.0000000004378 4649.627601691955
  260.0000000004378 4658.927699137014
  270.0000000004378 4667.085254543999
  280.0000000004378 4674.307418765303
  290.0000000004378 4680.752487173694
  300.0000000004378 4686.543651524372
  310.0000000004378 4691.778841005315
  320.0000000004378 4696.536939451877
  330.0000000004378 4700.881948188395
  340.0000000004378 4704.866809100537
  350.0000000004378 4708.535595341511
  360 4711.925423348092

